----------------------------------------------------------------------------
степень |  кольцо |  ср. подпись, мс |   ср. проверка, мс |  ср. длина, байт
----------------------------------------------------------------------------
      1 |       2 |           21.570 |             18.159 |              359
      2 |       4 |           38.732 |             31.215 |              457
      3 |       8 |           64.176 |             48.884 |              555
      4 |      16 |          109.736 |             75.367 |              653
      5 |      32 |          199.970 |            123.252 |              751
      6 |      64 |          406.014 |            210.476 |              849
      7 |     128 |          803.678 |            374.553 |              947
      8 |     256 |         1717.438 |            698.795 |             1045
      9 |     512 |         3765.958 |           1351.841 |             1143
     10 |    1024 |         8391.812 |           2659.631 |             1241
     11 |    2048 |        18274.940 |           5392.276 |             1339
     12 |    4096 |        37190.195 |          11039.351 |             1437
     13 |    8192 |        76576.788 |          22972.690 |             1535
     14 |   16384 |       159655.541 |          44058.655 |             1633
     15 |   32768 |       340692.052 |          84908.727 |             1731
----------------------------------------------------------------------------
--------------------------
Длина подписи по экспоненте (средние значения):
степень |  ср. длина, байт
--------------------------
      1 |              359
      2 |              457
      3 |              555
      4 |              653
      5 |              751
      6 |              849
      7 |              947
      8 |             1045
      9 |             1143
     10 |             1241
     11 |             1339
     12 |             1437
     13 |             1535
     14 |             1633
     15 |             1731
--------------------------